25.000000
-7.000000
40.000000
4.000000
33.000000
102.000000
86.000000
252.000000
383.000000
283.000000
-112.000000
-64.000000
-189.000000
-38.000000
360.000000
-3.000000
365.000000
374.000000
-98.000000
372.000000
445.000000
135.000000
274.000000
184.000000
364.000000
-33.000000
318.000000
258.000000
339.000000
363.000000
102.000000
263.000000
168.000000
14.000000
370.000000
348.000000
325.000000
0.000000
274.000000
-53.000000
122.000000
132.000000
352.000000
106.000000
315.000000
236.000000
222.000000
-18.000000
339.000000
0.000000
64.000000
104.000000
286.000000
347.000000
81.000000
128.000000
89.000000
105.000000
146.000000
182.000000
113.000000
144.000000
107.000000
91.000000
192.000000
189.000000
149.000000
163.000000
166.000000
82.000000
105.000000
83.000000
183.000000
80.000000
165.000000
145.000000
201.000000
229.000000
119.000000
119.000000
137.000000
235.000000
67.000000
90.000000
221.000000
178.000000
211.000000
132.000000
120.000000
82.000000
85.000000
104.000000
229.000000
142.000000
157.000000
129.000000
73.000000
162.000000
178.000000
147.000000
231.000000
97.000000
71.000000
85.000000
154.000000
176.000000
197.000000
68.000000
110.000000
161.000000
113.000000
134.000000
173.000000
197.000000
129.000000
162.000000
135.000000
112.000000
217.000000
214.000000
172.000000
197.000000
192.000000
106.000000
123.000000
98.000000
205.000000
101.000000
192.000000
155.000000
223.000000
267.000000
153.000000
133.000000
160.000000
278.000000
82.000000
114.000000
238.000000
196.000000
223.000000
163.000000
149.000000
102.000000
115.000000
136.000000
252.000000
171.000000
169.000000
147.000000
101.000000
184.000000
206.000000
161.000000
269.000000
120.000000
82.000000
103.000000
171.000000
186.000000
222.000000
106.000000
