0.584812
0.102097
0.093004
0.082982
0.035996
0.026039
0.018095
0.024268
0.016982
0.018020
0.014172
0.012923
0.010591
0.007056
0.007666
0.008358
0.006991
0.003455
0.004193
0.006417
0.005611
0.003864
0.004653
0.005030
0.005567
0.003925
0.003959
0.005051
0.004518
0.002270
0.002121
0.003079
0.003636
0.002647
0.001593
0.001871
0.004416
0.003230
0.002436
0.003722
0.004106
0.001771
0.001864
0.002001
0.003419
0.002058
0.001957
0.003107
0.002038
0.001598
0.001410
0.001234
0.001512
0.002870
0.001561
0.001496
0.001068
0.001785
0.001669
0.001175
0.000643
0.002978
0.001659
0.000890
0.001020
0.001753
0.002712
0.001257
0.001451
0.001757
0.000483
0.001236
0.000502
0.000122
0.002248
0.001882
0.002836
0.002719
0.002872
0.002063
0.000707
0.001329
0.002621
0.001201
0.000185
0.001284
0.003098
0.001796
0.000671
0.001326
0.000815
0.001068
0.002036
0.002481
0.002383
0.001435
0.001229
0.001973
0.003626
0.001877
0.002684
0.000892
0.000807
0.000465
0.001519
0.001581
0.001798
0.003035
0.000808
0.001812
0.002137
0.001879
0.001948
0.001323
0.001588
0.001548
0.002116
0.002304
0.001903
0.001173
0.001296
0.001738
0.001348
0.001649
0.001279
0.001374
