0.742438
0.181881
0.210547
0.173096
0.095166
0.183185
0.072140
0.160980
0.166083
0.046128
0.032513
0.016015
0.048392
0.011096
0.061787
0.060239
0.042372
0.089506
0.042811
0.045433
0.069683
0.020876
0.029183
0.054723
0.062272
0.029866
0.083584
0.084324
0.061033
0.125688
0.091167
0.015446
0.067805
0.077737
0.141825
0.114142
0.045065
0.106622
0.058365
0.055163
0.107654
0.102729
0.098850
0.031575
0.080787
0.129668
0.082842
0.063612
0.087167
0.083036
0.071173
0.027374
0.021737
0.035876
0.059792
0.088427
0.076363
0.043495
0.019598
0.010842
0.039431
0.055765
0.042595
0.029627
0.052282
0.036140
0.041403
0.081988
0.077769
0.061817
0.094762
0.152386
0.185328
0.158195
0.092507
0.046738
0.039059
0.037743
0.019266
0.024803
0.026610
0.029447
0.078607
0.095867
0.077195
0.065059
0.078755
0.093558
0.097891
0.087545
0.080027
0.102746
0.100994
0.046947
0.025372
0.056914
0.070235
0.076062
0.056357
0.052198
0.057708
0.041613
0.042711
0.051446
0.043247
0.089108
0.142732
0.133850
0.082150
0.047379
0.027693
0.037232
0.007401
0.079301
0.101139
0.059940
0.037791
0.045309
0.142772
0.117649
0.076415
0.190974
0.090163
0.221216
0.269551
0.116695
