0.433369
0.420982
0.408071
0.394817
0.381390
0.367939
0.354602
0.341501
0.328747
0.316436
0.304654
0.293475
0.282964
0.273175
0.264154
0.255940
0.248562
0.242044
0.236403
0.231650
0.227792
0.224832
0.222765
0.221588
0.221290
0.221861
0.223287
0.225552
0.228638
0.232528
0.237201
0.242638
0.248817
0.255718
0.263320
0.271602
0.280542
0.290119
0.300315
0.311107
0.322477
0.334404
0.346871
0.359857
0.373344
0.387314
0.401747
0.416624
0.431928
0.447638
0.463733
0.480194
0.496999
0.514125
0.531547
0.549241
0.567179
0.585334
0.603673
0.622165
0.640774
0.659463
0.678192
0.696918
0.715598
0.734181
0.752619
0.770857
0.788839
0.806505
0.823795
0.840643
0.856983
0.872746
0.887861
0.902254
0.915852
0.928579
0.940360
0.951119
0.960780
0.969268
0.976513
0.982442
0.986990
0.990093
0.991694
0.991743
0.990194
0.987013
0.982173
0.975661
0.967473
0.957623
0.946138
0.933065
0.918467
0.902432
0.885070
0.866516
