0.953165
0.964960
0.975003
0.983400
0.990260
0.995693
0.999813
1.002734
1.004569
1.005436
1.005447
1.004715
1.003353
1.001470
0.999172
0.996564
0.993746
0.990816
0.987865
0.984983
0.982252
0.979752
0.977556
0.975732
0.974342
0.973444
0.973088
0.973320
0.974178
0.975696
0.977901
0.980814
0.984450
0.988819
0.993924
0.999763
1.006329
1.013607
1.021581
1.030226
1.039514
1.049414
1.059886
1.070891
1.082384
1.094315
1.106634
1.119285
1.132212
1.145353
1.158649
1.172036
1.185449
1.198823
1.212092
1.225189
1.238048
1.250604
1.262792
1.274546
1.285806
1.296509
1.306598
1.316015
1.324707
1.332623
1.339715
1.345939
1.351254
1.355624
1.359015
1.361400
1.362754
1.363057
1.362295
1.360459
1.357542
1.353544
1.348471
1.342331
1.335139
1.326915
1.317682
1.307469
1.296308
1.284238
1.271300
1.257539
1.243003
1.227745
1.211820
1.195285
1.178200
1.160627
1.142628
1.124267
1.105607
1.086713
1.067645
1.048466
