0.000508
-0.001117
-0.001794
-0.000278
0.000372
0.000306
0.001178
0.000707
0.000803
0.000116
0.001079
-0.000861
0.001079
0.000116
0.000234
0.000617
-0.000296
-0.001218
0.000729
0.000972
0.000050
-0.003942
0.000035
0.003895
-0.002606
0.000170
-0.002297
0.002566
-0.001034
0.001141
-0.000103
0.000390
0.000392
0.000387
0.001436
-0.000068
-0.000653
-0.000789
0.000387
0.002702
0.002016
-0.008529
-0.001169
-0.001806
-0.003946
-0.006677
0.000832
0.004499
0.000646
0.003420
-0.000187
0.000170
0.000398
0.000188
-0.001426
-0.000274
-0.000040
0.000050
-0.000366
0.000372
-0.001456
0.001638
0.003047
0.001296
-0.004079
-0.002705
0.000135
-0.000307
0.000252
0.000023
0.000025
0.000023
0.000025
0.000023
0.000023
0.000025
0.000023
0.003791
0.000877
0.000023
0.000025
0.000023
0.000025
0.000023
0.000023
0.000025
0.000023
0.000025
0.000023
0.000023
0.000025
0.000023
0.000025
0.000023
0.000023
0.000025
0.000023
0.000025
0.000023
0.003362
