0.049494
0.000000
0.000000
0.000000
0.000000
0.000000
0.007273
0.000000
0.000000
0.000000
0.000000
0.000000
0.007684
0.000000
0.000000
0.000000
0.000000
0.000000
-0.010292
0.000000
0.000000
0.000000
0.000000
0.000000
0.000000
-0.008210
0.000000
0.000000
0.000000
0.000000
0.000000
-0.008210
0.000000
0.000000
0.000000
0.000000
0.000000
-0.008210
0.000000
0.000000
0.000000
0.000000
0.000000
-0.022406
0.000000
0.000000
0.000000
0.000000
0.000000
0.000000
-0.002737
0.000000
0.000000
0.000000
0.000000
0.000000
-0.002737
0.000000
0.000000
0.000000
0.000000
0.000000
-0.002737
0.000000
0.000000
0.000000
0.000000
0.000000
-0.002737
0.000000
0.000000
0.000000
0.000000
0.000000
0.000000
-0.002737
0.000000
0.000000
0.000000
0.000000
0.000000
-0.002737
0.000000
0.000000
0.000000
0.000000
0.000000
-0.002737
0.000000
0.000000
0.000000
0.000000
0.000000
0.012031
0.000000
0.000000
0.000000
0.000000
0.000000
0.000000
