0.014390
0.009618
0.010560
0.009996
0.013084
0.014518
0.013229
0.012343
0.011172
0.009726
0.010053
0.010124
0.008958
0.008390
0.008050
0.007818
0.007688
0.006965
0.007220
0.007156
0.006572
0.006700
0.007401
0.006926
0.006513
0.006596
0.005837
0.006094
0.005374
0.005269
0.008214
0.005029
0.005399
0.004834
0.004602
0.004706
0.004685
0.004501
0.004818
0.004587
0.004324
0.004951
0.005106
0.005082
0.004624
0.007058
0.004602
0.004514
0.005433
0.004242
0.004249
0.003840
0.004582
0.004752
0.004329
0.004188
0.004410
0.003921
0.004222
0.004725
0.006646
0.004677
0.004291
0.003968
0.004183
0.004124
0.003895
0.003794
0.004017
0.004423
0.003972
0.003431
0.004165
0.003510
0.004299
0.004287
0.004359
0.004089
0.004169
0.004443
0.004515
0.004262
0.004515
0.004454
0.004035
0.004133
0.004499
0.003901
0.004262
0.004394
0.006148
0.004350
0.004275
0.003520
0.004668
0.004177
0.004028
0.004244
0.004496
0.004490
0.004542
0.004740
0.004584
0.004858
0.004295
0.004216
0.004477
0.004828
0.004591
0.004347
0.005017
0.004387
0.004695
0.004420
0.004453
0.004099
0.004245
0.004017
0.004798
0.004161
0.005491
0.004487
0.004053
0.004022
0.004087
0.003762
0.004610
0.004236
0.004927
0.004318
0.004861
0.004676
0.004622
0.004840
0.004303
0.007584
0.004877
0.004640
0.005424
0.004288
0.003859
0.004672
0.004387
0.004236
0.004270
0.004105
0.004234
0.004284
0.004350
0.004841
0.005674
0.004879
0.004555
0.004265
0.004473
0.004995
0.004953
0.005359
0.004663
0.005166
0.005002
0.005634
0.004901
0.005747
0.005930
0.005817
0.006628
0.005860
0.006145
0.007075
0.007130
0.007361
0.008119
0.007875
0.007726
0.007734
0.009165
0.008561
0.010698
0.009817
0.000000
