0.228228
0.008995
0.006115
0.004675
0.003997
0.002825
0.002741
0.002266
0.002259
0.001916
0.001523
0.001555
0.001696
0.001660
0.001622
0.001764
0.001754
0.001662
0.001791
0.001859
0.002082
0.002069
0.002282
0.002050
0.001426
0.001463
0.000919
0.001073
0.000994
0.000751
0.001242
0.000462
0.000472
0.000504
0.000528
0.000464
0.000321
0.000556
0.000539
0.000487
0.000299
0.000610
0.000465
0.000637
0.000312
0.000786
0.000703
0.000297
0.000292
0.000712
0.000447
0.000443
0.000441
0.000442
0.000458
0.000401
0.000400
0.000534
0.000378
0.000388
0.000482
0.000518
0.000454
0.000361
0.000453
0.000479
0.000395
0.000412
0.000399
0.000455
0.000484
0.000386
0.000425
0.000378
0.000330
0.000418
0.000399
0.000546
0.000588
0.001094
0.002860
0.002148
0.001888
0.001303
0.001500
0.001284
0.001360
0.001636
0.001748
0.003855
0.183319
0.011248
0.008049
0.007456
0.007412
0.007093
0.005431
0.006369
0.005319
0.004628
0.004452
0.003988
0.003360
0.003222
0.002953
0.003459
0.002416
0.002376
0.002031
0.002927
0.002679
0.002230
0.002272
0.002015
0.002525
0.002684
0.002442
0.002135
0.002573
0.002906
0.002726
0.002417
0.002248
0.003037
0.002549
0.002237
0.002142
0.002902
0.003666
0.003179
0.002825
0.003748
0.003077
0.002080
0.002701
0.002967
0.002582
0.002699
0.003648
0.004326
0.004106
0.003891
0.004202
0.004737
0.005119
0.005570
0.005263
0.004272
0.004924
0.004865
0.005578
0.005525
0.005671
0.006415
0.009523
0.010681
0.010488
0.012560
0.011704
0.009710
0.008671
0.008597
0.008356
0.007103
0.006795
0.007344
0.006151
0.006219
0.006443
0.006564
0.006641
0.006078
0.006122
0.007907
0.007507
0.007797
0.009480
0.010624
0.012730
0.018268
0.000000
